#vpEl ngEl  pft phtp latitude  longitude
    1    1   11    2    74.348    95.000
    2    1   12    5    74.348    95.000
    3    1    7    1    74.348    95.000
    4    2   11    2    74.348   105.000
    5    2   12    5    74.348   105.000
    6    2    7    1    74.348   105.000
    7    3    5    2    66.522  -155.000
    8    3   11    2    66.522  -155.000
    9    3    9    5    66.522  -155.000
   10    4    5    2    66.522  -145.000
   11    4   11    2    66.522  -145.000
   12    4    9    5    66.522  -145.000
   13    5    5    2    66.522  -135.000
   14    5   11    2    66.522  -135.000
   15    5   12    5    66.522  -135.000
   16    6    5    2    66.522  -125.000
   17    6   11    2    66.522  -125.000
   18    6    9    5    66.522  -125.000
   19    7   11    2    66.522  -115.000
   20    7    5    2    66.522  -115.000
   21    7    9    5    66.522  -115.000
   22    8   11    2    66.522  -105.000
   23    8    7    1    66.522  -105.000
   24    8    5    2    66.522  -105.000
   25    9   11    2    66.522   -95.000
   26   10   11    2    66.522    15.000
   27   10    5    2    66.522    15.000
   28   10    9    5    66.522    15.000
   29   11    5    2    66.522    25.000
   30   11   11    2    66.522    25.000
   31   11    9    5    66.522    25.000
   32   12    5    2    66.522    35.000
   33   12    9    5    66.522    35.000
   34   12   11    2    66.522    35.000
   35   13   11    2    66.522    45.000
   36   13    5    2    66.522    45.000
   37   13    9    5    66.522    45.000
   38   14   11    2    66.522    55.000
   39   14    5    2    66.522    55.000
   40   14    7    1    66.522    55.000
   41   15   11    2    66.522    65.000
   42   15    5    2    66.522    65.000
   43   15   12    5    66.522    65.000
   44   16   11    2    66.522    75.000
   45   16   12    5    66.522    75.000
   46   16    7    1    66.522    75.000
   47   17   11    2    66.522    85.000
   48   17    5    2    66.522    85.000
   49   17    7    1    66.522    85.000
   50   18   11    2    66.522    95.000
   51   18    6    3    66.522    95.000
   52   18    9    5    66.522    95.000
   53   19    6    3    66.522   105.000
   54   19   11    2    66.522   105.000
   55   19    9    5    66.522   105.000
   56   20   11    2    66.522   115.000
   57   20    7    1    66.522   115.000
   58   20    6    3    66.522   115.000
   59   21   11    2    66.522   125.000
   60   21    6    3    66.522   125.000
   61   21    7    1    66.522   125.000
   62   22   11    2    66.522   135.000
   63   22    7    1    66.522   135.000
   64   22    8    4    66.522   135.000
   65   23   11    2    66.522   145.000
   66   23    7    1    66.522   145.000
   67   23    8    4    66.522   145.000
   68   24   11    2    66.522   155.000
   69   24    7    1    66.522   155.000
   70   24    8    4    66.522   155.000
   71   25   11    2    66.522   165.000
   72   25    7    1    66.522   165.000
   73   25    8    4    66.522   165.000
   74   26   11    2    66.522   175.000
   75   26    7    1    66.522   175.000
   76   26    8    4    66.522   175.000
   77   27   11    2    58.696  -135.000
   78   27    5    2    58.696  -135.000
   79   27    9    5    58.696  -135.000
   80   28    5    2    58.696  -125.000
   81   28    9    5    58.696  -125.000
   82   28   11    2    58.696  -125.000
   83   29    5    2    58.696  -115.000
   84   29    9    5    58.696  -115.000
   85   29    4    3    58.696  -115.000
   86   30    5    2    58.696  -105.000
   87   30    9    5    58.696  -105.000
   88   30   11    2    58.696  -105.000
   89   31    5    2    58.696   -95.000
   90   31   11    2    58.696   -95.000
   91   31   12    5    58.696   -95.000
   92   32   11    2    58.696   -75.000
   93   32    5    2    58.696   -75.000
   94   32    7    1    58.696   -75.000
   95   33    5    2    58.696    15.000
   96   33    9    5    58.696    15.000
   97   33    4    3    58.696    15.000
   98   34    9    5    58.696    25.000
   99   34    5    2    58.696    25.000
  100   34    4    3    58.696    25.000
  101   35    5    2    58.696    35.000
  102   35    9    5    58.696    35.000
  103   35    4    3    58.696    35.000
  104   36    5    2    58.696    45.000
  105   36    9    5    58.696    45.000
  106   36    4    3    58.696    45.000
  107   37    5    2    58.696    55.000
  108   37    9    5    58.696    55.000
  109   37   13    6    58.696    55.000
  110   38    9    5    58.696    65.000
  111   38    5    2    58.696    65.000
  112   38   13    6    58.696    65.000
  113   39    9    5    58.696    75.000
  114   39    5    2    58.696    75.000
  115   39   12    5    58.696    75.000
  116   40    9    5    58.696    85.000
  117   40    5    2    58.696    85.000
  118   40    8    4    58.696    85.000
  119   41    6    3    58.696    95.000
  120   41    5    2    58.696    95.000
  121   41    9    5    58.696    95.000
  122   42    6    3    58.696   105.000
  123   42    5    2    58.696   105.000
  124   42    9    5    58.696   105.000
  125   43    9    5    58.696   115.000
  126   43    6    3    58.696   115.000
  127   43    8    4    58.696   115.000
  128   44    6    3    58.696   125.000
  129   44    9    5    58.696   125.000
  130   44    5    2    58.696   125.000
  131   45    6    3    58.696   135.000
  132   45    9    5    58.696   135.000
  133   45   11    2    58.696   135.000
  134   46    5    2    50.870  -125.000
  135   46    9    5    50.870  -125.000
  136   46    8    4    50.870  -125.000
  137   47    5    2    50.870  -115.000
  138   47    9    5    50.870  -115.000
  139   47   13    6    50.870  -115.000
  140   48   13    6    50.870  -105.000
  141   48    9    5    50.870  -105.000
  142   48    5    2    50.870  -105.000
  143   49    5    2    50.870   -95.000
  144   49    9    5    50.870   -95.000
  145   49   13    6    50.870   -95.000
  146   50    5    2    50.870   -85.000
  147   50   12    5    50.870   -85.000
  148   50    4    3    50.870   -85.000
  149   51    5    2    50.870   -75.000
  150   51    9    5    50.870   -75.000
  151   51   12    5    50.870   -75.000
  152   52    5    2    50.870   -65.000
  153   52    9    5    50.870   -65.000
  154   52    4    3    50.870   -65.000
  155   53    9    5    50.870     5.000
  156   53   13    6    50.870     5.000
  157   53    5    2    50.870     5.000
  158   54   13    6    50.870    15.000
  159   54    9    5    50.870    15.000
  160   54    5    2    50.870    15.000
  161   55    9    5    50.870    25.000
  162   55   13    6    50.870    25.000
  163   55   10    5    50.870    25.000
  164   56   13    6    50.870    35.000
  165   56    9    5    50.870    35.000
  166   56   10    5    50.870    35.000
  167   57   13    6    50.870    45.000
  168   57    9    5    50.870    45.000
  169   57   10    5    50.870    45.000
  170   58   13    6    50.870    55.000
  171   58    9    5    50.870    55.000
  172   58   10    5    50.870    55.000
  173   59    9    5    50.870    65.000
  174   59   13    6    50.870    65.000
  175   59   10    5    50.870    65.000
  176   60    9    5    50.870    75.000
  177   60   13    6    50.870    75.000
  178   60   10    5    50.870    75.000
  179   61    9    5    50.870    85.000
  180   61   13    6    50.870    85.000
  181   61    5    2    50.870    85.000
  182   62    9    5    50.870    95.000
  183   62    5    2    50.870    95.000
  184   62    8    4    50.870    95.000
  185   63    9    5    50.870   105.000
  186   63    5    2    50.870   105.000
  187   63    4    3    50.870   105.000
  188   64    9    5    50.870   115.000
  189   64    6    3    50.870   115.000
  190   64    5    2    50.870   115.000
  191   65    6    3    50.870   125.000
  192   65    9    5    50.870   125.000
  193   65    4    3    50.870   125.000
  194   66    9    5    50.870   135.000
  195   66    6    3    50.870   135.000
  196   66    5    2    50.870   135.000
  197   67    9    5    43.043  -115.000
  198   67    7    1    43.043  -115.000
  199   67    5    2    43.043  -115.000
  200   68    9    5    43.043  -105.000
  201   68   10    5    43.043  -105.000
  202   68    5    2    43.043  -105.000
  203   69   13    6    43.043   -95.000
  204   69   10    5    43.043   -95.000
  205   69    9    5    43.043   -95.000
  206   70   13    6    43.043   -85.000
  207   70    4    3    43.043   -85.000
  208   70    9    5    43.043   -85.000
  209   71    4    3    43.043   -75.000
  210   71    9    5    43.043   -75.000
  211   71   10    5    43.043   -75.000
  212   72    9    5    43.043     5.000
  213   72    4    3    43.043     5.000
  214   72   13    6    43.043     5.000
  215   73   13    6    43.043    15.000
  216   73    9    5    43.043    15.000
  217   73   10    5    43.043    15.000
  218   74   13    6    43.043    25.000
  219   74    9    5    43.043    25.000
  220   74    4    3    43.043    25.000
  221   75    9    5    43.043    45.000
  222   75   13    6    43.043    45.000
  223   75   10    5    43.043    45.000
  224   76    7    1    43.043    55.000
  225   76   10    5    43.043    55.000
  226   76    9    5    43.043    55.000
  227   77    7    1    43.043    65.000
  228   77   10    5    43.043    65.000
  229   77   13    6    43.043    65.000
  230   78    9    5    43.043    75.000
  231   78    7    1    43.043    75.000
  232   78   10    5    43.043    75.000
  233   79    7    1    43.043    85.000
  234   79    9    5    43.043    85.000
  235   79   10    5    43.043    85.000
  236   80    7    1    43.043    95.000
  237   80    9    5    43.043    95.000
  238   80   10    5    43.043    95.000
  239   81    7    1    43.043   105.000
  240   81    9    5    43.043   105.000
  241   81   10    5    43.043   105.000
  242   82    9    5    43.043   115.000
  243   82   10    5    43.043   115.000
  244   82   13    6    43.043   115.000
  245   83   13    6    43.043   125.000
  246   83    9    5    43.043   125.000
  247   83    4    3    43.043   125.000
  248   84    7    1    35.217  -115.000
  249   84   10    5    35.217  -115.000
  250   84    9    5    35.217  -115.000
  251   85   10    5    35.217  -105.000
  252   85    9    5    35.217  -105.000
  253   85    5    2    35.217  -105.000
  254   86   10    5    35.217   -95.000
  255   86   13    6    35.217   -95.000
  256   86    4    3    35.217   -95.000
  257   87    4    3    35.217   -85.000
  258   87   10    5    35.217   -85.000
  259   87   13    6    35.217   -85.000
  260   88   13    6    35.217    -5.000
  261   88   10    5    35.217    -5.000
  262   88    9    5    35.217    -5.000
  263   89   10    5    35.217     5.000
  264   89    7    1    35.217     5.000
  265   89   13    6    35.217     5.000
  266   90   10    5    35.217    35.000
  267   90   13    6    35.217    35.000
  268   90    7    1    35.217    35.000
  269   91   10    5    35.217    45.000
  270   91    7    1    35.217    45.000
  271   91   13    6    35.217    45.000
  272   92    7    1    35.217    55.000
  273   92   10    5    35.217    55.000
  274   92    4    3    35.217    55.000
  275   93   10    5    35.217    65.000
  276   93    7    1    35.217    65.000
  277   93    9    5    35.217    65.000
  278   94    9    5    35.217    75.000
  279   94    7    1    35.217    75.000
  280   94   11    2    35.217    75.000
  281   95    7    1    35.217    85.000
  282   95    9    5    35.217    85.000
  283   95   11    2    35.217    85.000
  284   96    9    5    35.217    95.000
  285   96    7    1    35.217    95.000
  286   96    8    4    35.217    95.000
  287   97    9    5    35.217   105.000
  288   97   13    6    35.217   105.000
  289   97   10    5    35.217   105.000
  290   98   13    6    35.217   115.000
  291   98   10    5    35.217   115.000
  292   98    9    5    35.217   115.000
  293   99   10    5    27.391  -105.000
  294   99    9    5    27.391  -105.000
  295   99    8    4    27.391  -105.000
  296  100    7    1    27.391    -5.000
  297  100   10    5    27.391    -5.000
  298  100    3    1    27.391    -5.000
  299  101    7    1    27.391     5.000
  300  101   10    5    27.391     5.000
  301  102    7    1    27.391    15.000
  302  102   10    5    27.391    15.000
  303  102    9    5    27.391    15.000
  304  103    7    1    27.391    25.000
  305  103   10    5    27.391    25.000
  306  103    9    5    27.391    25.000
  307  104    7    1    27.391    35.000
  308  104   10    5    27.391    35.000
  309  104   13    6    27.391    35.000
  310  105    7    1    27.391    45.000
  311  105   10    5    27.391    45.000
  312  105   13    6    27.391    45.000
  313  106    7    1    27.391    55.000
  314  106   10    5    27.391    55.000
  315  106    3    1    27.391    55.000
  316  107   10    5    27.391    65.000
  317  107    7    1    27.391    65.000
  318  107   13    6    27.391    65.000
  319  108   13    6    27.391    75.000
  320  108   10    5    27.391    75.000
  321  108    2    4    27.391    75.000
  322  109   13    6    27.391    85.000
  323  109    9    5    27.391    85.000
  324  109   10    5    27.391    85.000
  325  110    9    5    27.391    95.000
  326  110    1    1    27.391    95.000
  327  110    5    2    27.391    95.000
  328  111    9    5    27.391   105.000
  329  111   10    5    27.391   105.000
  330  111   13    6    27.391   105.000
  331  112   13    6    27.391   115.000
  332  112   10    5    27.391   115.000
  333  112    9    5    27.391   115.000
  334  113    1    1    19.565   -95.000
  335  113   13    6    19.565   -95.000
  336  113   10    5    19.565   -95.000
  337  114    7    1    19.565   -15.000
  338  114   10    5    19.565   -15.000
  339  114    8    4    19.565   -15.000
  340  115    7    1    19.565    -5.000
  341  115   10    5    19.565    -5.000
  342  115    8    4    19.565    -5.000
  343  116    7    1    19.565     5.000
  344  116   10    5    19.565     5.000
  345  116    8    4    19.565     5.000
  346  117    7    1    19.565    15.000
  347  117   10    5    19.565    15.000
  348  118    7    1    19.565    25.000
  349  118   10    5    19.565    25.000
  350  118    8    4    19.565    25.000
  351  119    7    1    19.565    35.000
  352  119   10    5    19.565    35.000
  353  119   13    6    19.565    35.000
  354  120    7    1    19.565    45.000
  355  120   10    5    19.565    45.000
  356  120    9    5    19.565    45.000
  357  121    7    1    19.565    55.000
  358  121   10    5    19.565    55.000
  359  121    2    4    19.565    55.000
  360  122   13    6    19.565    75.000
  361  122   10    5    19.565    75.000
  362  122    2    4    19.565    75.000
  363  123    1    1    19.565    95.000
  364  123    2    4    19.565    95.000
  365  123   13    6    19.565    95.000
  366  124    1    1    19.565   105.000
  367  124    2    4    19.565   105.000
  368  124   10    5    19.565   105.000
  369  125   10    5    11.739    -5.000
  370  125    1    1    11.739    -5.000
  371  125    2    4    11.739    -5.000
  372  126   10    5    11.739     5.000
  373  126    1    1    11.739     5.000
  374  126   13    6    11.739     5.000
  375  127   10    5    11.739    15.000
  376  127    7    1    11.739    15.000
  377  127    1    1    11.739    15.000
  378  128   10    5    11.739    25.000
  379  128    7    1    11.739    25.000
  380  128    8    4    11.739    25.000
  381  129   10    5    11.739    35.000
  382  129    2    4    11.739    35.000
  383  129    9    5    11.739    35.000
  384  130   10    5    11.739    45.000
  385  130    7    1    11.739    45.000
  386  130    2    4    11.739    45.000
  387  131    1    1     3.913   -75.000
  388  131   10    5     3.913   -75.000
  389  131    9    5     3.913   -75.000
  390  132    1    1     3.913   -65.000
  391  132   10    5     3.913   -65.000
  392  132    2    4     3.913   -65.000
  393  133    1    1     3.913   -55.000
  394  133   10    5     3.913   -55.000
  395  133    2    4     3.913   -55.000
  396  134    1    1     3.913    15.000
  397  134   10    5     3.913    15.000
  398  134    2    4     3.913    15.000
  399  135    1    1     3.913    25.000
  400  135   10    5     3.913    25.000
  401  135    9    5     3.913    25.000
  402  136   10    5     3.913    35.000
  403  136    9    5     3.913    35.000
  404  136    8    4     3.913    35.000
  405  137   10    5     3.913    45.000
  406  137    2    4     3.913    45.000
  407  137    8    4     3.913    45.000
  408  138    1    1    -3.913   -75.000
  409  138    2    4    -3.913   -75.000
  410  138    9    5    -3.913   -75.000
  411  139    1    1    -3.913   -65.000
  412  139    2    4    -3.913   -65.000
  413  139   10    5    -3.913   -65.000
  414  140    1    1    -3.913   -55.000
  415  140    2    4    -3.913   -55.000
  416  140   10    5    -3.913   -55.000
  417  141    1    1    -3.913   -45.000
  418  141   10    5    -3.913   -45.000
  419  141    2    4    -3.913   -45.000
  420  142    1    1    -3.913    15.000
  421  142   10    5    -3.913    15.000
  422  142    9    5    -3.913    15.000
  423  143    1    1    -3.913    25.000
  424  143   10    5    -3.913    25.000
  425  143    9    5    -3.913    25.000
  426  144   10    5    -3.913    35.000
  427  144    9    5    -3.913    35.000
  428  144    2    4    -3.913    35.000
  429  145    1    1   -11.739   -75.000
  430  145    9    5   -11.739   -75.000
  431  145    7    1   -11.739   -75.000
  432  146    1    1   -11.739   -65.000
  433  146    2    4   -11.739   -65.000
  434  146   10    5   -11.739   -65.000
  435  147    1    1   -11.739   -55.000
  436  147   10    5   -11.739   -55.000
  437  147    2    4   -11.739   -55.000
  438  148   10    5   -11.739   -45.000
  439  148    2    4   -11.739   -45.000
  440  148    9    5   -11.739   -45.000
  441  149    2    4   -11.739    15.000
  442  149    9    5   -11.739    15.000
  443  149   10    5   -11.739    15.000
  444  150    2    4   -11.739    25.000
  445  150   10    5   -11.739    25.000
  446  150    9    5   -11.739    25.000
  447  151    2    4   -11.739    35.000
  448  151   10    5   -11.739    35.000
  449  151    9    5   -11.739    35.000
  450  152    9    5   -19.565   -65.000
  451  152    2    4   -19.565   -65.000
  452  152    1    1   -19.565   -65.000
  453  153   10    5   -19.565   -55.000
  454  153    9    5   -19.565   -55.000
  455  153    2    4   -19.565   -55.000
  456  154   10    5   -19.565   -45.000
  457  154    9    5   -19.565   -45.000
  458  154    1    1   -19.565   -45.000
  459  155   10    5   -19.565    15.000
  460  155    7    1   -19.565    15.000
  461  155    9    5   -19.565    15.000
  462  156   10    5   -19.565    25.000
  463  156    9    5   -19.565    25.000
  464  156    2    4   -19.565    25.000
  465  157   10    5   -19.565    35.000
  466  157    2    4   -19.565    35.000
  467  157    9    5   -19.565    35.000
  468  158    7    1   -19.565   125.000
  469  158   10    5   -19.565   125.000
  470  158    8    4   -19.565   125.000
  471  159    7    1   -19.565   135.000
  472  159   10    5   -19.565   135.000
  473  159    8    4   -19.565   135.000
  474  160   10    5   -19.565   145.000
  475  160    7    1   -19.565   145.000
  476  160    9    5   -19.565   145.000
  477  161    9    5   -27.391   -65.000
  478  161    2    4   -27.391   -65.000
  479  161   10    5   -27.391   -65.000
  480  162   10    5   -27.391   -55.000
  481  162    9    5   -27.391   -55.000
  482  162    1    1   -27.391   -55.000
  483  163   10    5   -27.391    25.000
  484  163    9    5   -27.391    25.000
  485  163    7    1   -27.391    25.000
  486  164   10    5   -27.391   115.000
  487  164    8    4   -27.391   115.000
  488  164    7    1   -27.391   115.000
  489  165    7    1   -27.391   125.000
  490  165   10    5   -27.391   125.000
  491  165    9    5   -27.391   125.000
  492  166    7    1   -27.391   135.000
  493  166   10    5   -27.391   135.000
  494  166    9    5   -27.391   135.000
  495  167   10    5   -27.391   145.000
  496  167    7    1   -27.391   145.000
  497  167    9    5   -27.391   145.000
  498  168    9    5   -35.217   -65.000
  499  168   10    5   -35.217   -65.000
  500  168    8    4   -35.217   -65.000
  501  169    9    5   -35.217   145.000
  502  169   10    5   -35.217   145.000
  503  169    3    1   -35.217   145.000
  504  170    9    5   -43.043   -65.000
  505  170    7    1   -43.043   -65.000
  506  170    8    4   -43.043   -65.000
