p0    | p0su    | xpf  | xpfa | xpfb  | parname   | pftno | parano | paralist_no
101
60.e-6  12.e-6	  3	 0.	0.	V_m 		1 	1		1
90.e-6  18.e-6	  3	 0.	0.	V_m 		2	2
41.e-6  8.2e-6	  3	 0.	0.	V_m 		3	3
35.e-6  7.e-6 	  3	 0.	0.	V_m 		4	4
29.e-6 	5.8e-6 	  3	 0.	0.	V_m 		5	5
53.e-6  10.6e-6	  3	 0.	0.	V_m 		6	6
52.e-6 	10.4e-6	  3	 0.	0.	V_m 		7	7
160.e-6	32.e-6 	  3	 0.	0.	V_m 		8	8
42.e-6  8.4e-6	  3	 0.	0.	V_m 		9	9
8.e-6   1.6e-6	  3	 0.	0.	V_m 		10	10
20.e-6  4.e-6 	  3	 0.	0.	V_m 		11	11
20.e-6  4.e-6	  3	 0.	0.	V_m 		12	12
117.e-6	23.4e-6	  3 	 0.	0.	V_m 		13	13
1.96    0.098	  1	 0.	0.	a_J,V		1 	14		2
1.99    0.0995	  1	 0.	0.	a_J,V		2	15
2.00    0.1 	  1	 0.	0.	a_J,V  		3 	16
2.00    0.1 	  1	 0.	0.	a_J,V  		4	17
1.79    0.0895	  1	 0.	0.	a_J,V 		5	18
1.79    0.0895	  1	 0.	0.	a_J,V 		6	19
1.96    0.098	  1	 0.	0.	a_J,V 		7	20
1.66    0.083	  1	 0.	0.	a_J,V 		8	21
1.90    0.095	  1	 0.	0.	a_J,V 		9 	22
140.e-6 28.e-6	  1	 0.	0.	a_J,V 		10	23
1.85    0.0925	  1	 0.	0.	a_J,V 		11	24
1.85    0.0925	  1	 0.	0.	a_J,V 		12 	25
1.88    0.094 	  1	 0.	0.	a_J,V 		13	26
0.40    0.1       1  	 0.	0.	fautleaf 	-	27		3
0.2     0.01      1  	 0.	0.	ccost		-	28		4
1.5     0.75      2	 1.	0.	Q10f		-	29		5
1.5     0.75      2	 1.	0.	Q10s 		-	30		6
0.66    0.4       5	 0.	0.	tau_f		-	31		7
1.      1.0       2	 0.	0.	kappa aw	-	32		8
0.2     0.2       4	 0.	1.	fs 		-	33		9
45000.  2250.0    1	 0.	0.	E_R_d 		-	34		10	5% uncertainty
58520.  2926.     1  	 0.	0.	E_V_max 	-	35		11
35948.  1797.     1  	 0.	0.	E_K_O 		-	36		12
59356.  2967.     1  	 0.	0.	E_K_C 		-	37		13
50967.  2548.     1  	 0.	0.	E_k 		-	38		14
0.28   	0.014  	  1  	 0.	0.	alpha_q 	-	39		15
0.04   	0.002  	  1  	 0.	0.	alpha_i 	-	40		16
460.E-6 23.E-6	  1  	 0.	0.	K_C 		-	41		17
0.33	0.0165 	  1  	 0.	0.	K_O 		-	42		18
1.7e-6  8.5e-08   1  	 0.	0.	gt 		-	43		19
1.     	0.25   	  1  	 0.	0.	beta 		1  	44		20	25% uncertainty
1.     	0.25   	  1  	 0.	0.	beta 		2	45
1.     	0.25   	  1  	 0.	0.	beta 		3	46
1.     	0.25   	  1  	 0.	0.	beta 		4	47
1.     	0.25   	  1  	 0.	0.	beta 		5	48
1.     	0.25   	  1  	 0.	0.	beta 		6	49
1.     	0.25   	  1  	 0.	0.	beta  		7	50
1.     	0.25   	  1  	 0.	0.	beta  		8	51
1.     	0.25   	  1  	 0.	0.	beta  		9	52	
1.     	0.25   	  1  	 0.	0.	beta  		10	53
1.     	0.25   	  1  	 0.	0.	beta  		11	54
1.     	0.25   	  1  	 0.	0.	beta  		12	55
1.     	0.25   	  1  	 0.	0.	beta  		13	56
5.0     0.25      1	 0.	0.	PLAIMAX		-	57		21
10.0    0.5       1	 0.	0.	PTPHEN 		4	58		22
10.0    0.5       1	 0.	0.	PTPHEN 		5,6,11	59
8.0     0.5       1	 0.	0.	PTPHEN 		8	60
2.0     0.5       1 	 0.	0.	PTPHEN 		9,10,12	61
15.0    1.0       1	 0. 	0.	PTPHEN 		13	62
2.0     0.1       1 	 0.	0.	PTPHENR 	4,8,13	63		23
2.0	0.1       1 	 0.	0.	PTPHENR 	5,6,11	64
0.5     0.1       1	 0.	0.	PTPHENR 	9,10,12	65
10.5    0.5       1	 0.	0.	PDPHEN 		4-6,8,11 66		24
0.5     0.1       1	 0.	0.	PDPHENR 	4-6,8,11 67		25
0.5     0.1       1	 0.	0.	PLGR 	  	-	68              26
0.1     0.05      2  2.e-3	0.	PKL  		2,4,6,8-10,12,13 69	27
3.e-3	0.5e-3    2  2.e-3	0.	PKL 		5,11	70
180     60        3      0.	0.	PTAUW 		1,3,7	71		28
90      30        3      0.	0.	PTAUW		2	72
30      15        3      0.	0.	PTAUW		9,10,12,13 73
0.	1.e-2	  5  	 0.	0.	fbiasa   	-       74
0.	1.e-2	  5  	 0.	0.	fbiasb   	-       75
366.	1.	  1  	 0.	0.	offset   	-       76
40.     20.       1      0.     0.      Chl             1       77		29
15.     20.       1      0.     0.      Chl             2       78
15.     20.       1      0.     0.      Chl             3       79
10.     20.       1      0.     0.      Chl             4       80
10.     20.       1      0.     0.      Chl             5       81
10.     20.       1      0.     0.      Chl             6       82
10.     20.       1      0.     0.      Chl             7       83
10.     20.       1      0.     0.      Chl             8       84
10.     20.       1      0.     0.      Chl             9       85
5.      20.       1      0.     0.      Chl             10      86
10.     20.       1      0.     0.      Chl             11      87
10.     20.       1      0.     0.      Chl             12      88
20.     20.       1      0.     0.      Chl             13      89
0.012	0.002	  1	 0.	0.	Cdm_arr		-	90		30
0.	0.01	  1	 0.	0.	Csm_arr		-	91		31
0.	0.1	  1	 0.	0.	LIDFa_arr	1-4,7,8	92		32
-0.35	0.1       1      0.     0.      LIDFa_arr       5,6,11	93
-1.	0.1       1      0.     0.      LIDFa_arr       9,10,12,13	94
-1.	0.1       1      0.     0.      LIDFb_arr       1-4,7,8	95              33
-0.15	0.1       1      0.     0.      LIDFb_arr       5,6,11	96
0.	0.1	  1	 0.	0.	LIDFb_arr	9,10,12,13	97
20.	3.	  1      0.     0.      hc              1-6	98              34
2.	0.4       1      0.     0.      hc              7,8	99
0.5	0.1	  1	 0.	0.	hc		9-13	100
0.1	0.01	  1	 0.	0.	leafwidth	-	101		35
